0 0.585000 0.783333 0.070000 0.046667
0 0.365000 0.771667 0.096667 0.063333
0 0.663333 0.746667 0.073333 0.053333
0 0.746667 0.700000 0.046667 0.046667
0 0.236667 0.551667 0.033333 0.056667
0 0.626667 0.718333 0.573333 0.423333
0 0.188333 0.526667 0.050000 0.133333
0 0.898333 0.478333 0.030000 0.050000
0 0.480000 0.610000 0.560000 0.333333
0 0.788333 0.525000 0.063333 0.230000
0 0.888333 0.418333 0.036667 0.056667
0 0.200000 0.388333 0.053333 0.096667
0 0.486667 0.490000 0.466667 0.466667
0 0.613333 0.236667 0.213333 0.126667
0 0.385000 0.211667 0.156667 0.103333
