0 0.436667 0.790000 0.106667 0.053333
0 0.645000 0.760000 0.070000 0.053333
0 0.413333 0.813333 0.546667 0.206667
0 0.580000 0.735000 0.126667 0.056667
0 0.313333 0.740000 0.086667 0.080000
0 0.726667 0.701667 0.086667 0.096667
0 0.093333 0.556667 0.033333 0.060000
0 0.201667 0.566667 0.056667 0.086667
0 0.818333 0.491667 0.070000 0.176667
0 0.513333 0.496667 0.473333 0.466667
0 0.295000 0.280000 0.083333 0.080000
0 0.711667 0.265000 0.090000 0.076667
0 0.550000 0.240000 0.066667 0.040000
0 0.435000 0.470000 0.416667 0.586667
