0 0.585000 0.793333 0.043333 0.040000
0 0.396667 0.730000 0.160000 0.080000
0 0.621667 0.710000 0.610000 0.440000
0 0.635000 0.578333 0.276667 0.383333
0 0.893333 0.378333 0.053333 0.103333
0 0.688333 0.340000 0.070000 0.073333
0 0.488333 0.503333 0.476667 0.460000
0 0.603333 0.278333 0.100000 0.063333
0 0.318333 0.256667 0.076667 0.053333
0 0.630000 0.236667 0.100000 0.060000
0 0.325000 0.153333 0.123333 0.073333
0 0.736667 0.205000 0.260000 0.190000
0 0.573333 0.116667 0.060000 0.033333
0 0.428333 0.118333 0.070000 0.036667
0 0.510000 0.111667 0.053333 0.030000
