0 0.690000 0.721667 0.040000 0.050000
0 0.281667 0.661667 0.056667 0.063333
0 0.806667 0.550000 0.080000 0.133333
0 0.223333 0.490000 0.046667 0.093333
0 0.540000 0.595000 0.480000 0.310000
0 0.271667 0.478333 0.030000 0.076667
0 0.518333 0.678333 0.816667 0.503333
0 0.240000 0.408333 0.040000 0.070000
0 0.251667 0.351667 0.043333 0.043333
0 0.285000 0.300000 0.056667 0.060000
0 0.748333 0.268333 0.056667 0.043333
0 0.516667 0.466667 0.446667 0.466667
0 0.411667 0.215000 0.183333 0.096667
0 0.603333 0.200000 0.193333 0.086667
