0 0.625000 0.886667 0.090000 0.053333
0 0.366667 0.803333 0.046667 0.040000
0 0.308333 0.775000 0.056667 0.050000
0 0.591667 0.800000 0.216667 0.146667
0 0.583333 0.736667 0.100000 0.066667
0 0.196667 0.685000 0.093333 0.103333
0 0.691667 0.643333 0.063333 0.080000
0 0.785000 0.613333 0.076667 0.066667
0 0.130000 0.530000 0.046667 0.120000
0 0.146667 0.435000 0.040000 0.076667
0 0.453333 0.508333 0.500000 0.483333
0 0.636667 0.235000 0.040000 0.043333
0 0.486667 0.405000 0.533333 0.396667
0 0.260000 0.266667 0.140000 0.126667
0 0.563333 0.206667 0.066667 0.046667
0 0.483333 0.188333 0.080000 0.043333
0 0.801667 0.501667 0.250000 0.736667
