0 0.348333 0.881667 0.083333 0.050000
0 0.641667 0.783333 0.083333 0.040000
0 0.395000 0.781667 0.216667 0.090000
0 0.405000 0.736667 0.116667 0.053333
0 0.661667 0.810000 0.423333 0.233333
0 0.316667 0.700000 0.053333 0.046667
0 0.191667 0.613333 0.070000 0.120000
0 0.900000 0.591667 0.053333 0.136667
0 0.151667 0.443333 0.043333 0.126667
0 0.905000 0.426667 0.043333 0.106667
0 0.461667 0.481667 0.496667 0.490000
0 0.201667 0.283333 0.083333 0.106667
0 0.611667 0.480000 0.310000 0.566667
0 0.388333 0.221667 0.103333 0.050000
0 0.305000 0.215000 0.116667 0.083333
0 0.701667 0.175000 0.050000 0.050000
0 0.481667 0.166667 0.216667 0.053333
