0 0.505000 0.885000 0.090000 0.036667
0 0.691667 0.743333 0.083333 0.066667
0 0.386667 0.711667 0.120000 0.083333
0 0.740000 0.693333 0.360000 0.406667
0 0.185000 0.515000 0.050000 0.050000
0 0.760000 0.455000 0.033333 0.050000
0 0.893333 0.411667 0.053333 0.143333
0 0.778333 0.330000 0.043333 0.053333
0 0.710000 0.351667 0.086667 0.103333
0 0.515000 0.506667 0.450000 0.446667
0 0.450000 0.436667 0.413333 0.413333
0 0.840000 0.275000 0.073333 0.103333
0 0.655000 0.236667 0.183333 0.113333
0 0.406667 0.486667 0.660000 0.826667
