0 0.111667 0.628333 0.036667 0.050000
0 0.228333 0.570000 0.063333 0.080000
0 0.095000 0.501667 0.030000 0.063333
0 0.101667 0.428333 0.036667 0.070000
0 0.676667 0.353333 0.046667 0.060000
0 0.611667 0.301667 0.050000 0.043333
0 0.556667 0.605000 0.693333 0.650000
0 0.795000 0.285000 0.050000 0.056667
0 0.548333 0.273333 0.063333 0.040000
0 0.383333 0.296667 0.193333 0.100000
0 0.743333 0.231667 0.060000 0.056667
0 0.685000 0.188333 0.063333 0.050000
0 0.578333 0.145000 0.110000 0.050000
0 0.323333 0.183333 0.266667 0.133333
