0 0.490000 0.816667 0.066667 0.040000
0 0.661667 0.778333 0.070000 0.050000
0 0.761667 0.700000 0.123333 0.166667
0 0.513333 0.663333 0.540000 0.346667
0 0.836667 0.511667 0.040000 0.116667
0 0.193333 0.458333 0.066667 0.076667
0 0.266667 0.435000 0.046667 0.103333
0 0.831667 0.391667 0.063333 0.110000
0 0.115000 0.468333 0.076667 0.343333
0 0.528333 0.486667 0.483333 0.500000
0 0.735000 0.255000 0.103333 0.090000
0 0.605000 0.228333 0.076667 0.043333
0 0.428333 0.251667 0.176667 0.096667
0 0.333333 0.250000 0.186667 0.146667
0 0.563333 0.175000 0.060000 0.036667
