0 0.640000 0.791667 0.046667 0.043333
0 0.460000 0.788333 0.240000 0.076667
0 0.538333 0.806667 0.676667 0.240000
0 0.713333 0.718333 0.080000 0.070000
0 0.895000 0.598333 0.063333 0.170000
0 0.220000 0.556667 0.086667 0.233333
0 0.910000 0.446667 0.033333 0.060000
0 0.793333 0.433333 0.046667 0.100000
0 0.211667 0.383333 0.043333 0.046667
0 0.491667 0.491667 0.463333 0.470000
0 0.253333 0.313333 0.120000 0.113333
0 0.390000 0.256667 0.053333 0.040000
0 0.556667 0.498333 0.433333 0.543333
0 0.593333 0.210000 0.126667 0.066667
0 0.455000 0.190000 0.096667 0.053333
0 0.370000 0.110000 0.060000 0.040000
0 0.661667 0.128333 0.170000 0.090000
