0 0.483333 0.901667 0.053333 0.043333
0 0.311667 0.841667 0.230000 0.156667
0 0.660000 0.828333 0.273333 0.156667
0 0.666667 0.740000 0.046667 0.040000
0 0.601667 0.726667 0.116667 0.073333
0 0.818333 0.711667 0.056667 0.070000
0 0.366667 0.715000 0.120000 0.090000
0 0.120000 0.571667 0.040000 0.103333
0 0.908333 0.540000 0.036667 0.073333
0 0.741667 0.485000 0.050000 0.230000
0 0.505000 0.503333 0.443333 0.466667
0 0.480000 0.443333 0.486667 0.460000
0 0.788333 0.205000 0.050000 0.050000
0 0.385000 0.211667 0.496667 0.276667
