0 0.383333 0.788333 0.086667 0.043333
0 0.651667 0.773333 0.250000 0.106667
0 0.331667 0.736667 0.056667 0.053333
0 0.373333 0.808333 0.486667 0.230000
0 0.616667 0.725000 0.173333 0.076667
0 0.826667 0.593333 0.060000 0.100000
0 0.205000 0.413333 0.043333 0.046667
0 0.845000 0.413333 0.050000 0.160000
0 0.536667 0.481667 0.500000 0.483333
0 0.678333 0.258333 0.063333 0.050000
0 0.783333 0.280000 0.100000 0.100000
0 0.430000 0.480000 0.406667 0.566667
0 0.676667 0.213333 0.106667 0.073333
0 0.465000 0.193333 0.283333 0.100000
