0 0.430000 0.806667 0.133333 0.080000
0 0.568333 0.773333 0.056667 0.033333
0 0.696667 0.780000 0.073333 0.073333
0 0.646667 0.746667 0.093333 0.060000
0 0.761667 0.706667 0.043333 0.046667
0 0.260000 0.678333 0.053333 0.043333
0 0.800000 0.616667 0.066667 0.140000
0 0.783333 0.408333 0.080000 0.116667
0 0.528333 0.526667 0.463333 0.453333
0 0.715000 0.311667 0.076667 0.070000
0 0.585000 0.293333 0.130000 0.060000
0 0.390000 0.526667 0.286667 0.526667
0 0.346667 0.276667 0.060000 0.053333
0 0.580000 0.250000 0.206667 0.080000
0 0.371667 0.515000 0.590000 0.810000
