0 0.515000 0.911667 0.063333 0.030000
0 0.588333 0.901667 0.056667 0.036667
0 0.388333 0.891667 0.170000 0.070000
0 0.471667 0.793333 0.203333 0.060000
0 0.646667 0.781667 0.093333 0.056667
0 0.608333 0.740000 0.083333 0.053333
0 0.245000 0.663333 0.070000 0.093333
0 0.793333 0.583333 0.100000 0.186667
0 0.225000 0.363333 0.070000 0.080000
0 0.510000 0.503333 0.466667 0.466667
0 0.735000 0.325000 0.130000 0.156667
0 0.438333 0.506667 0.430000 0.546667
0 0.610000 0.220000 0.060000 0.046667
0 0.443333 0.215000 0.233333 0.083333
0 0.523333 0.133333 0.440000 0.106667
