0 0.475000 0.826667 0.056667 0.033333
0 0.256667 0.828333 0.113333 0.096667
0 0.365000 0.781667 0.103333 0.056667
0 0.601667 0.785000 0.150000 0.083333
0 0.268333 0.691667 0.076667 0.083333
0 0.788333 0.601667 0.056667 0.103333
0 0.566667 0.570000 0.486667 0.413333
0 0.718333 0.360000 0.043333 0.046667
0 0.218333 0.431667 0.076667 0.190000
0 0.498333 0.495000 0.463333 0.470000
0 0.728333 0.308333 0.096667 0.110000
0 0.870000 0.338333 0.100000 0.183333
0 0.615000 0.268333 0.070000 0.050000
0 0.373333 0.238333 0.160000 0.090000
0 0.626667 0.211667 0.086667 0.070000
