0 0.540000 0.880000 0.393333 0.086667
0 0.603333 0.785000 0.133333 0.076667
0 0.436667 0.748333 0.060000 0.036667
0 0.711667 0.728333 0.076667 0.076667
0 0.335000 0.741667 0.170000 0.130000
0 0.245000 0.660000 0.043333 0.040000
0 0.806667 0.555000 0.053333 0.083333
0 0.191667 0.518333 0.076667 0.176667
0 0.491667 0.503333 0.470000 0.466667
0 0.275000 0.283333 0.090000 0.073333
0 0.693333 0.273333 0.086667 0.080000
0 0.558333 0.475000 0.436667 0.590000
0 0.723333 0.278333 0.406667 0.403333
0 0.370000 0.125000 0.226667 0.096667
