0 0.495000 0.798333 0.050000 0.043333
0 0.316667 0.763333 0.086667 0.040000
0 0.280000 0.711667 0.086667 0.076667
0 0.501667 0.610000 0.470000 0.300000
0 0.768333 0.486667 0.036667 0.060000
0 0.165000 0.495000 0.050000 0.090000
0 0.185000 0.398333 0.043333 0.043333
0 0.706667 0.333333 0.053333 0.060000
0 0.465000 0.488333 0.456667 0.456667
0 0.245000 0.311667 0.110000 0.116667
0 0.565000 0.265000 0.070000 0.050000
0 0.501667 0.241667 0.403333 0.123333
0 0.553333 0.551667 0.700000 0.756667
0 0.653333 0.153333 0.086667 0.060000
