0 0.496667 0.876667 0.400000 0.106667
0 0.735000 0.803333 0.063333 0.060000
0 0.198333 0.765000 0.056667 0.056667
0 0.411667 0.725000 0.096667 0.056667
0 0.755000 0.648333 0.043333 0.043333
0 0.283333 0.618333 0.053333 0.070000
0 0.726667 0.603333 0.060000 0.093333
0 0.133333 0.600000 0.053333 0.106667
0 0.106667 0.465000 0.046667 0.036667
0 0.260000 0.505000 0.040000 0.156667
0 0.838333 0.590000 0.150000 0.380000
0 0.505000 0.501667 0.443333 0.443333
0 0.515000 0.391667 0.510000 0.330000
0 0.495000 0.246667 0.816667 0.340000
