0 0.536667 0.896667 0.053333 0.040000
0 0.670000 0.843333 0.173333 0.106667
0 0.361667 0.856667 0.256667 0.133333
0 0.788333 0.770000 0.070000 0.060000
0 0.693333 0.718333 0.046667 0.043333
0 0.623333 0.716667 0.100000 0.073333
0 0.376667 0.711667 0.160000 0.110000
0 0.840000 0.673333 0.053333 0.080000
0 0.120000 0.588333 0.060000 0.150000
0 0.106667 0.416667 0.033333 0.053333
0 0.720000 0.460000 0.073333 0.233333
0 0.491667 0.501667 0.443333 0.463333
0 0.135000 0.326667 0.070000 0.126667
0 0.868333 0.383333 0.110000 0.293333
0 0.456667 0.430000 0.460000 0.433333
0 0.516667 0.135000 0.466667 0.123333
