0 0.351667 0.861667 0.196667 0.123333
0 0.808333 0.756667 0.063333 0.073333
0 0.411667 0.738333 0.110000 0.063333
0 0.645000 0.718333 0.056667 0.050000
0 0.170000 0.701667 0.080000 0.110000
0 0.708333 0.650000 0.063333 0.080000
0 0.883333 0.580000 0.040000 0.106667
0 0.111667 0.555000 0.036667 0.070000
0 0.798333 0.526667 0.043333 0.046667
0 0.106667 0.428333 0.040000 0.096667
0 0.496667 0.506667 0.446667 0.466667
0 0.151667 0.285000 0.050000 0.063333
0 0.498333 0.451667 0.536667 0.470000
0 0.598333 0.295000 0.616667 0.443333
