0 0.516667 0.901667 0.220000 0.050000
0 0.706667 0.851667 0.046667 0.043333
0 0.308333 0.850000 0.183333 0.113333
0 0.563333 0.760000 0.100000 0.046667
0 0.183333 0.751667 0.073333 0.090000
0 0.398333 0.736667 0.170000 0.093333
0 0.291667 0.665000 0.050000 0.056667
0 0.743333 0.540000 0.033333 0.066667
0 0.903333 0.500000 0.046667 0.213333
0 0.491667 0.511667 0.450000 0.470000
0 0.668333 0.266667 0.063333 0.060000
0 0.810000 0.275000 0.073333 0.090000
0 0.490000 0.430000 0.533333 0.413333
0 0.435000 0.275000 0.716667 0.403333
