0 0.790000 0.766667 0.073333 0.060000
0 0.113333 0.618333 0.060000 0.143333
0 0.751667 0.520000 0.036667 0.073333
0 0.868333 0.575000 0.096667 0.276667
0 0.093333 0.445000 0.033333 0.050000
0 0.283333 0.376667 0.066667 0.093333
0 0.341667 0.300000 0.043333 0.040000
0 0.138333 0.341667 0.096667 0.143333
0 0.453333 0.595000 0.573333 0.670000
0 0.851667 0.296667 0.056667 0.086667
0 0.698333 0.271667 0.050000 0.043333
0 0.530000 0.270000 0.326667 0.093333
0 0.485000 0.151667 0.043333 0.036667
0 0.513333 0.133333 0.480000 0.100000
