0 0.571667 0.785000 0.190000 0.076667
0 0.733333 0.808333 0.233333 0.170000
0 0.343333 0.740000 0.180000 0.120000
0 0.781667 0.626667 0.063333 0.100000
0 0.186667 0.523333 0.046667 0.093333
0 0.808333 0.503333 0.043333 0.120000
0 0.203333 0.428333 0.046667 0.050000
0 0.271667 0.380000 0.043333 0.060000
0 0.235000 0.363333 0.050000 0.073333
0 0.496667 0.508333 0.473333 0.463333
0 0.745000 0.303333 0.063333 0.086667
0 0.515000 0.416667 0.523333 0.373333
0 0.465000 0.203333 0.116667 0.046667
0 0.438333 0.183333 0.596667 0.220000
