0 0.543333 0.908333 0.066667 0.036667
0 0.666667 0.851667 0.126667 0.076667
0 0.498333 0.796667 0.050000 0.033333
0 0.791667 0.795000 0.043333 0.043333
0 0.428333 0.795000 0.050000 0.043333
0 0.321667 0.811667 0.363333 0.203333
0 0.600000 0.723333 0.160000 0.086667
0 0.865000 0.643333 0.123333 0.273333
0 0.896667 0.398333 0.040000 0.076667
0 0.718333 0.383333 0.056667 0.073333
0 0.495000 0.505000 0.470000 0.443333
0 0.453333 0.505000 0.493333 0.530000
0 0.725000 0.210000 0.203333 0.160000
0 0.541667 0.116667 0.110000 0.046667
0 0.326667 0.166667 0.320000 0.180000
