0 0.460000 0.750000 0.713333 0.360000
0 0.726667 0.553333 0.046667 0.093333
0 0.841667 0.610000 0.083333 0.260000
0 0.150000 0.503333 0.040000 0.053333
0 0.733333 0.433333 0.040000 0.086667
0 0.863333 0.415000 0.046667 0.090000
0 0.325000 0.383333 0.070000 0.100000
0 0.843333 0.336667 0.040000 0.066667
0 0.386667 0.306667 0.066667 0.060000
0 0.491667 0.528333 0.450000 0.516667
0 0.633333 0.311667 0.193333 0.150000
0 0.500000 0.253333 0.066667 0.033333
0 0.191667 0.318333 0.150000 0.216667
0 0.631667 0.233333 0.076667 0.053333
0 0.341667 0.171667 0.090000 0.056667
0 0.578333 0.150000 0.416667 0.146667
