0 0.516667 0.815000 0.220000 0.056667
0 0.371667 0.798333 0.036667 0.050000
0 0.281667 0.741667 0.083333 0.050000
0 0.618333 0.743333 0.096667 0.060000
0 0.401667 0.726667 0.190000 0.106667
0 0.736667 0.706667 0.093333 0.100000
0 0.805000 0.553333 0.050000 0.120000
0 0.791667 0.395000 0.076667 0.116667
0 0.238333 0.341667 0.043333 0.043333
0 0.511667 0.508333 0.476667 0.476667
0 0.286667 0.280000 0.046667 0.046667
0 0.713333 0.296667 0.093333 0.100000
0 0.438333 0.453333 0.430000 0.453333
0 0.351667 0.231667 0.050000 0.043333
0 0.426667 0.208333 0.060000 0.036667
0 0.580000 0.210000 0.186667 0.073333
0 0.675000 0.140000 0.196667 0.113333
