0 0.148333 0.600000 0.070000 0.146667
0 0.135000 0.471667 0.030000 0.063333
0 0.485000 0.585000 0.470000 0.350000
0 0.513333 0.658333 0.740000 0.543333
0 0.283333 0.380000 0.040000 0.053333
0 0.708333 0.448333 0.070000 0.250000
0 0.156667 0.346667 0.040000 0.053333
0 0.828333 0.328333 0.056667 0.083333
0 0.363333 0.275000 0.046667 0.043333
0 0.496667 0.476667 0.413333 0.453333
0 0.208333 0.251667 0.050000 0.056667
0 0.601667 0.271667 0.156667 0.103333
0 0.771667 0.233333 0.063333 0.073333
0 0.270000 0.186667 0.080000 0.073333
0 0.628333 0.143333 0.243333 0.120000
