0 0.528333 0.805000 0.103333 0.043333
0 0.716667 0.808333 0.313333 0.230000
0 0.275000 0.705000 0.056667 0.063333
0 0.306667 0.680000 0.046667 0.053333
0 0.233333 0.650000 0.046667 0.046667
0 0.773333 0.635000 0.060000 0.090000
0 0.910000 0.556667 0.033333 0.060000
0 0.186667 0.558333 0.053333 0.096667
0 0.536667 0.586667 0.466667 0.386667
0 0.795000 0.431667 0.043333 0.103333
0 0.885000 0.393333 0.083333 0.193333
0 0.730000 0.311667 0.073333 0.090000
0 0.490000 0.495000 0.466667 0.463333
0 0.628333 0.298333 0.163333 0.116667
0 0.283333 0.310000 0.153333 0.160000
0 0.475000 0.208333 0.216667 0.063333
0 0.691667 0.160000 0.183333 0.113333
0 0.515000 0.101667 0.063333 0.030000
