0 0.455000 0.896667 0.056667 0.040000
0 0.640000 0.858333 0.240000 0.130000
0 0.321667 0.840000 0.163333 0.106667
0 0.205000 0.765000 0.070000 0.063333
0 0.373333 0.716667 0.086667 0.066667
0 0.631667 0.703333 0.163333 0.120000
0 0.156667 0.665000 0.053333 0.083333
0 0.873333 0.621667 0.053333 0.096667
0 0.898333 0.480000 0.030000 0.066667
0 0.893333 0.415000 0.033333 0.050000
0 0.281667 0.463333 0.076667 0.246667
0 0.108333 0.421667 0.063333 0.203333
0 0.508333 0.501667 0.443333 0.463333
0 0.153333 0.283333 0.053333 0.066667
0 0.545000 0.430000 0.456667 0.433333
0 0.576667 0.231667 0.646667 0.316667
