0 0.351667 0.855000 0.296667 0.136667
0 0.553333 0.803333 0.066667 0.040000
0 0.350000 0.766667 0.086667 0.066667
0 0.663333 0.753333 0.126667 0.100000
0 0.243333 0.676667 0.066667 0.100000
0 0.783333 0.580000 0.080000 0.193333
0 0.188333 0.463333 0.043333 0.053333
0 0.768333 0.345000 0.076667 0.083333
0 0.506667 0.506667 0.473333 0.460000
0 0.443333 0.500000 0.440000 0.546667
0 0.661667 0.253333 0.103333 0.086667
0 0.346667 0.240000 0.126667 0.080000
0 0.561667 0.210000 0.070000 0.046667
0 0.511667 0.135000 0.510000 0.123333
