0 0.486667 0.795000 0.173333 0.056667
0 0.325000 0.840000 0.283333 0.146667
0 0.345000 0.773333 0.036667 0.046667
0 0.616667 0.730000 0.086667 0.053333
0 0.263333 0.711667 0.086667 0.050000
0 0.733333 0.700000 0.093333 0.086667
0 0.400000 0.711667 0.200000 0.110000
0 0.815000 0.563333 0.063333 0.120000
0 0.815000 0.400000 0.063333 0.106667
0 0.520000 0.498333 0.480000 0.470000
0 0.746667 0.303333 0.086667 0.100000
0 0.460000 0.423333 0.460000 0.453333
0 0.606667 0.205000 0.206667 0.090000
0 0.403333 0.138333 0.053333 0.043333
