0 0.456667 0.910000 0.120000 0.040000
0 0.660000 0.858333 0.273333 0.136667
0 0.418333 0.800000 0.083333 0.060000
0 0.708333 0.718333 0.083333 0.083333
0 0.131667 0.680000 0.043333 0.060000
0 0.256667 0.683333 0.066667 0.080000
0 0.100000 0.558333 0.033333 0.070000
0 0.533333 0.645000 0.580000 0.263333
0 0.205000 0.555000 0.050000 0.110000
0 0.765000 0.468333 0.036667 0.056667
0 0.108333 0.415000 0.036667 0.056667
0 0.796667 0.435000 0.053333 0.130000
0 0.760000 0.316667 0.046667 0.053333
0 0.503333 0.491667 0.466667 0.470000
0 0.415000 0.263333 0.390000 0.233333
