0 0.621667 0.868333 0.063333 0.050000
0 0.348333 0.753333 0.050000 0.053333
0 0.338333 0.821667 0.310000 0.203333
0 0.593333 0.715000 0.093333 0.070000
0 0.406667 0.715000 0.186667 0.103333
0 0.763333 0.753333 0.166667 0.206667
0 0.665000 0.648333 0.056667 0.070000
0 0.836667 0.583333 0.040000 0.053333
0 0.270000 0.518333 0.033333 0.096667
0 0.146667 0.536667 0.046667 0.166667
0 0.295000 0.396667 0.070000 0.126667
0 0.511667 0.470000 0.443333 0.520000
0 0.210000 0.291667 0.153333 0.276667
0 0.606667 0.291667 0.633333 0.436667
