0 0.596667 0.801667 0.086667 0.063333
0 0.363333 0.768333 0.166667 0.083333
0 0.593333 0.743333 0.086667 0.053333
0 0.278333 0.708333 0.056667 0.070000
0 0.708333 0.715000 0.103333 0.103333
0 0.206667 0.550000 0.060000 0.193333
0 0.793333 0.428333 0.053333 0.103333
0 0.493333 0.508333 0.460000 0.470000
0 0.151667 0.290000 0.043333 0.053333
0 0.280000 0.293333 0.086667 0.086667
0 0.558333 0.436667 0.476667 0.413333
0 0.853333 0.503333 0.146667 0.593333
0 0.591667 0.211667 0.090000 0.050000
0 0.388333 0.213333 0.096667 0.053333
0 0.273333 0.163333 0.120000 0.093333
0 0.698333 0.140000 0.096667 0.066667
