0 0.456667 0.811667 0.046667 0.050000
0 0.600000 0.798333 0.160000 0.096667
0 0.350000 0.758333 0.160000 0.123333
0 0.793333 0.626667 0.046667 0.093333
0 0.108333 0.601667 0.036667 0.056667
0 0.806667 0.526667 0.040000 0.053333
0 0.096667 0.531667 0.033333 0.076667
0 0.758333 0.460000 0.030000 0.053333
0 0.800000 0.458333 0.040000 0.076667
0 0.210000 0.473333 0.066667 0.233333
0 0.506667 0.516667 0.466667 0.466667
0 0.253333 0.298333 0.046667 0.043333
0 0.515000 0.396667 0.563333 0.333333
0 0.335000 0.246667 0.076667 0.073333
0 0.636667 0.240000 0.100000 0.066667
0 0.501667 0.281667 0.843333 0.416667
