0 0.636667 0.776667 0.100000 0.066667
0 0.230000 0.676667 0.073333 0.080000
0 0.805000 0.516667 0.036667 0.066667
0 0.213333 0.435000 0.086667 0.183333
0 0.526667 0.578333 0.493333 0.496667
0 0.756667 0.338333 0.066667 0.083333
0 0.491667 0.508333 0.470000 0.463333
0 0.388333 0.280000 0.063333 0.046667
0 0.620000 0.291667 0.133333 0.083333
0 0.513333 0.256667 0.073333 0.033333
0 0.671667 0.251667 0.043333 0.056667
0 0.621667 0.228333 0.043333 0.043333
0 0.371667 0.255000 0.210000 0.123333
0 0.666667 0.191667 0.393333 0.203333
