0 0.528333 0.805000 0.096667 0.043333
0 0.720000 0.798333 0.326667 0.250000
0 0.256667 0.683333 0.093333 0.106667
0 0.775000 0.631667 0.063333 0.090000
0 0.186667 0.560000 0.053333 0.093333
0 0.535000 0.590000 0.463333 0.386667
0 0.793333 0.431667 0.046667 0.096667
0 0.886667 0.490000 0.080000 0.373333
0 0.728333 0.308333 0.076667 0.090000
0 0.488333 0.495000 0.470000 0.463333
0 0.596667 0.271667 0.100000 0.063333
0 0.278333 0.318333 0.156667 0.176667
0 0.475000 0.208333 0.230000 0.063333
0 0.681667 0.153333 0.170000 0.100000
