0 0.315000 0.795000 0.090000 0.063333
0 0.358333 0.770000 0.076667 0.046667
0 0.578333 0.795000 0.203333 0.103333
0 0.533333 0.743333 0.246667 0.113333
0 0.191667 0.690000 0.076667 0.093333
0 0.763333 0.633333 0.080000 0.066667
0 0.693333 0.628333 0.053333 0.076667
0 0.135000 0.526667 0.043333 0.113333
0 0.155000 0.431667 0.043333 0.076667
0 0.448333 0.515000 0.490000 0.496667
0 0.640000 0.240000 0.040000 0.040000
0 0.485000 0.398333 0.510000 0.383333
0 0.273333 0.251667 0.133333 0.103333
0 0.575000 0.208333 0.056667 0.050000
0 0.400000 0.200000 0.080000 0.040000
0 0.493333 0.188333 0.073333 0.043333
0 0.780000 0.515000 0.293333 0.776667
0 0.443333 0.115000 0.060000 0.036667
