0 0.381667 0.808333 0.050000 0.043333
0 0.673333 0.843333 0.280000 0.166667
0 0.558333 0.788333 0.236667 0.090000
0 0.306667 0.740000 0.066667 0.066667
0 0.770000 0.690000 0.053333 0.060000
0 0.785000 0.565000 0.076667 0.183333
0 0.805000 0.453333 0.050000 0.033333
0 0.198333 0.461667 0.043333 0.103333
0 0.505000 0.498333 0.463333 0.470000
0 0.438333 0.516667 0.430000 0.520000
0 0.735000 0.323333 0.123333 0.140000
0 0.600000 0.261667 0.080000 0.050000
0 0.391667 0.270000 0.110000 0.066667
0 0.381667 0.226667 0.123333 0.073333
0 0.516667 0.188333 0.100000 0.050000
0 0.326667 0.150000 0.240000 0.126667
