0 0.433333 0.876667 0.246667 0.086667
0 0.668333 0.861667 0.210000 0.110000
0 0.288333 0.820000 0.050000 0.046667
0 0.635000 0.781667 0.070000 0.050000
0 0.236667 0.768333 0.046667 0.050000
0 0.573333 0.760000 0.100000 0.046667
0 0.455000 0.755000 0.123333 0.056667
0 0.661667 0.720000 0.056667 0.053333
0 0.730000 0.685000 0.080000 0.090000
0 0.906667 0.530000 0.040000 0.080000
0 0.280000 0.450000 0.046667 0.066667
0 0.151667 0.408333 0.043333 0.090000
0 0.208333 0.283333 0.083333 0.106667
0 0.588333 0.411667 0.676667 0.670000
