0 0.596667 0.828333 0.086667 0.056667
0 0.680000 0.780000 0.046667 0.046667
0 0.336667 0.761667 0.126667 0.103333
0 0.733333 0.736667 0.060000 0.060000
0 0.413333 0.750000 0.146667 0.086667
0 0.770000 0.676667 0.066667 0.066667
0 0.216667 0.591667 0.046667 0.050000
0 0.810000 0.505000 0.053333 0.130000
0 0.771667 0.388333 0.050000 0.070000
0 0.521667 0.536667 0.463333 0.446667
0 0.593333 0.306667 0.133333 0.066667
0 0.366667 0.490000 0.253333 0.433333
0 0.665000 0.298333 0.176667 0.123333
0 0.438333 0.245000 0.063333 0.043333
0 0.528333 0.223333 0.050000 0.033333
0 0.415000 0.486667 0.676667 0.746667
