0 0.463333 0.905000 0.106667 0.050000
0 0.661667 0.856667 0.250000 0.140000
0 0.261667 0.810000 0.170000 0.140000
0 0.141667 0.665000 0.036667 0.050000
0 0.851667 0.663333 0.056667 0.080000
0 0.903333 0.563333 0.040000 0.060000
0 0.110000 0.551667 0.033333 0.056667
0 0.361667 0.616667 0.250000 0.313333
0 0.800000 0.433333 0.040000 0.046667
0 0.503333 0.503333 0.446667 0.466667
0 0.133333 0.368333 0.113333 0.203333
0 0.508333 0.403333 0.523333 0.380000
0 0.846667 0.360000 0.126667 0.320000
0 0.400000 0.170000 0.440000 0.193333
