0 0.465000 0.806667 0.230000 0.086667
0 0.403333 0.753333 0.060000 0.040000
0 0.651667 0.748333 0.130000 0.096667
0 0.233333 0.688333 0.060000 0.090000
0 0.743333 0.666667 0.060000 0.066667
0 0.198333 0.593333 0.043333 0.053333
0 0.186667 0.528333 0.040000 0.076667
0 0.743333 0.476667 0.033333 0.073333
0 0.786667 0.448333 0.060000 0.130000
0 0.890000 0.416667 0.040000 0.093333
0 0.748333 0.333333 0.070000 0.086667
0 0.490000 0.511667 0.466667 0.470000
0 0.296667 0.276667 0.086667 0.080000
0 0.456667 0.356667 0.566667 0.260000
0 0.590000 0.211667 0.086667 0.063333
0 0.391667 0.111667 0.176667 0.070000
0 0.686667 0.216667 0.400000 0.286667
