0 0.676667 0.858333 0.180000 0.096667
0 0.478333 0.796667 0.190000 0.053333
0 0.796667 0.786667 0.053333 0.053333
0 0.328333 0.751667 0.116667 0.076667
0 0.726667 0.705000 0.073333 0.083333
0 0.628333 0.705000 0.190000 0.130000
0 0.243333 0.655000 0.100000 0.156667
0 0.788333 0.598333 0.070000 0.116667
0 0.198333 0.411667 0.050000 0.056667
0 0.786667 0.390000 0.053333 0.093333
0 0.241667 0.343333 0.050000 0.053333
0 0.316667 0.318333 0.053333 0.056667
0 0.493333 0.510000 0.473333 0.460000
0 0.515000 0.428333 0.516667 0.423333
0 0.433333 0.215000 0.060000 0.036667
0 0.546667 0.205000 0.106667 0.050000
0 0.521667 0.191667 0.703333 0.236667
