0 0.506667 0.805000 0.160000 0.050000
0 0.370000 0.776667 0.100000 0.060000
0 0.695000 0.728333 0.083333 0.070000
0 0.285000 0.721667 0.063333 0.056667
0 0.221667 0.631667 0.050000 0.063333
0 0.188333 0.538333 0.050000 0.116667
0 0.788333 0.448333 0.050000 0.103333
0 0.483333 0.493333 0.466667 0.466667
0 0.246667 0.310000 0.120000 0.113333
0 0.390000 0.255000 0.066667 0.043333
0 0.543333 0.500000 0.440000 0.540000
0 0.593333 0.216667 0.126667 0.073333
0 0.456667 0.188333 0.100000 0.056667
0 0.570000 0.505000 0.713333 0.850000
