0 0.576667 0.806667 0.113333 0.053333
0 0.415000 0.806667 0.116667 0.053333
0 0.376667 0.748333 0.080000 0.056667
0 0.716667 0.726667 0.106667 0.100000
0 0.766667 0.641667 0.053333 0.070000
0 0.226667 0.668333 0.106667 0.223333
0 0.176667 0.513333 0.046667 0.046667
0 0.248333 0.451667 0.043333 0.083333
0 0.908333 0.466667 0.036667 0.126667
0 0.751667 0.473333 0.043333 0.140000
0 0.191667 0.408333 0.043333 0.083333
0 0.796667 0.453333 0.066667 0.180000
0 0.498333 0.520000 0.470000 0.480000
0 0.500000 0.316667 0.493333 0.186667
0 0.605000 0.216667 0.056667 0.033333
0 0.538333 0.200000 0.050000 0.040000
