0 0.885000 0.611667 0.056667 0.070000
0 0.101667 0.536667 0.036667 0.146667
0 0.251667 0.480000 0.036667 0.126667
0 0.260000 0.391667 0.040000 0.043333
0 0.885000 0.448333 0.083333 0.230000
0 0.836667 0.303333 0.053333 0.066667
0 0.480000 0.593333 0.766667 0.673333
0 0.625000 0.275000 0.050000 0.043333
0 0.430000 0.276667 0.266667 0.113333
0 0.343333 0.240000 0.046667 0.040000
0 0.203333 0.228333 0.053333 0.056667
0 0.571667 0.213333 0.076667 0.040000
0 0.318333 0.200000 0.043333 0.040000
0 0.703333 0.160000 0.080000 0.066667
0 0.390000 0.141667 0.326667 0.130000
