0 0.275000 0.643333 0.050000 0.053333
0 0.521667 0.586667 0.470000 0.346667
0 0.868333 0.455000 0.036667 0.090000
0 0.506667 0.660000 0.773333 0.540000
0 0.718333 0.383333 0.043333 0.060000
0 0.291667 0.453333 0.063333 0.246667
0 0.166667 0.340000 0.053333 0.086667
0 0.833333 0.328333 0.060000 0.090000
0 0.641667 0.283333 0.050000 0.046667
0 0.508333 0.478333 0.416667 0.450000
0 0.418333 0.253333 0.103333 0.060000
0 0.730000 0.191667 0.066667 0.063333
0 0.356667 0.156667 0.260000 0.140000
0 0.613333 0.111667 0.160000 0.070000
