0 0.538333 0.808333 0.103333 0.043333
0 0.365000 0.810000 0.036667 0.066667
0 0.331667 0.758333 0.063333 0.056667
0 0.420000 0.753333 0.093333 0.053333
0 0.683333 0.750000 0.100000 0.080000
0 0.258333 0.693333 0.083333 0.086667
0 0.211667 0.616667 0.050000 0.046667
0 0.791667 0.626667 0.063333 0.113333
0 0.126667 0.625000 0.100000 0.236667
0 0.185000 0.515000 0.063333 0.076667
0 0.803333 0.508333 0.040000 0.116667
0 0.093333 0.446667 0.033333 0.060000
0 0.510000 0.511667 0.466667 0.483333
0 0.763333 0.340000 0.113333 0.146667
0 0.495000 0.391667 0.523333 0.423333
0 0.435000 0.196667 0.050000 0.040000
0 0.501667 0.191667 0.070000 0.036667
