0 0.628333 0.780000 0.043333 0.040000
0 0.241667 0.698333 0.043333 0.083333
0 0.098333 0.575000 0.036667 0.076667
0 0.520000 0.640000 0.513333 0.280000
0 0.245000 0.501667 0.030000 0.050000
0 0.760000 0.456667 0.033333 0.073333
0 0.200000 0.473333 0.066667 0.180000
0 0.803333 0.453333 0.060000 0.220000
0 0.730000 0.295000 0.086667 0.090000
0 0.501667 0.486667 0.470000 0.480000
0 0.338333 0.238333 0.110000 0.083333
0 0.658333 0.221667 0.090000 0.063333
0 0.491667 0.185000 0.123333 0.043333
0 0.586667 0.180000 0.060000 0.040000
