0 0.408333 0.813333 0.096667 0.046667
0 0.401667 0.751667 0.096667 0.056667
0 0.233333 0.655000 0.113333 0.130000
0 0.781667 0.625000 0.056667 0.096667
0 0.205000 0.551667 0.043333 0.083333
0 0.220000 0.423333 0.073333 0.153333
0 0.273333 0.320000 0.060000 0.060000
0 0.753333 0.325000 0.080000 0.076667
0 0.496667 0.513333 0.460000 0.473333
0 0.631667 0.540000 0.296667 0.600000
0 0.428333 0.275000 0.143333 0.070000
0 0.695000 0.243333 0.043333 0.046667
0 0.533333 0.213333 0.266667 0.060000
0 0.498333 0.141667 0.496667 0.116667
