0 0.365000 0.883333 0.083333 0.046667
0 0.248333 0.820000 0.096667 0.080000
0 0.426667 0.790000 0.186667 0.080000
0 0.168333 0.741667 0.050000 0.056667
0 0.373333 0.726667 0.080000 0.060000
0 0.633333 0.753333 0.220000 0.140000
0 0.220000 0.635000 0.060000 0.090000
0 0.808333 0.526667 0.043333 0.100000
0 0.191667 0.508333 0.050000 0.130000
0 0.773333 0.393333 0.073333 0.126667
0 0.501667 0.511667 0.470000 0.463333
0 0.260000 0.305000 0.073333 0.083333
0 0.483333 0.405000 0.520000 0.350000
0 0.326667 0.256667 0.060000 0.053333
0 0.541667 0.205000 0.103333 0.050000
0 0.626667 0.223333 0.533333 0.300000
