0 0.538333 0.901667 0.096667 0.043333
0 0.443333 0.793333 0.080000 0.046667
0 0.286667 0.830000 0.186667 0.146667
0 0.528333 0.760000 0.056667 0.033333
0 0.611667 0.730000 0.083333 0.060000
0 0.386667 0.728333 0.146667 0.090000
0 0.755000 0.771667 0.216667 0.216667
0 0.210000 0.685000 0.040000 0.043333
0 0.265000 0.595000 0.036667 0.050000
0 0.888333 0.583333 0.050000 0.066667
0 0.120000 0.580000 0.040000 0.086667
0 0.245000 0.481667 0.036667 0.050000
0 0.276667 0.396667 0.066667 0.113333
0 0.170000 0.283333 0.080000 0.133333
0 0.598333 0.410000 0.650000 0.660000
0 0.343333 0.131667 0.200000 0.103333
