0 0.571667 0.810000 0.090000 0.060000
0 0.583333 0.751667 0.066667 0.043333
0 0.340000 0.748333 0.166667 0.116667
0 0.688333 0.736667 0.110000 0.100000
0 0.683333 0.688333 0.053333 0.050000
0 0.203333 0.525000 0.053333 0.196667
0 0.798333 0.456667 0.050000 0.106667
0 0.145000 0.303333 0.043333 0.053333
0 0.493333 0.510000 0.460000 0.473333
0 0.295000 0.276667 0.090000 0.080000
0 0.551667 0.458333 0.463333 0.456667
0 0.613333 0.218333 0.093333 0.056667
0 0.408333 0.206667 0.103333 0.046667
0 0.505000 0.181667 0.083333 0.043333
0 0.275000 0.158333 0.076667 0.063333
0 0.788333 0.495000 0.276667 0.776667
