0 0.596667 0.888333 0.060000 0.036667
0 0.536667 0.800000 0.073333 0.040000
0 0.636667 0.771667 0.100000 0.063333
0 0.325000 0.731667 0.103333 0.096667
0 0.416667 0.721667 0.180000 0.090000
0 0.748333 0.685000 0.070000 0.056667
0 0.238333 0.646667 0.063333 0.093333
0 0.273333 0.721667 0.393333 0.383333
0 0.185000 0.545000 0.030000 0.050000
0 0.790000 0.590000 0.073333 0.153333
0 0.203333 0.448333 0.046667 0.090000
0 0.236667 0.360000 0.040000 0.046667
0 0.110000 0.378333 0.053333 0.103333
0 0.788333 0.356667 0.070000 0.086667
0 0.515000 0.501667 0.470000 0.463333
0 0.488333 0.428333 0.510000 0.483333
0 0.391667 0.216667 0.096667 0.060000
0 0.228333 0.193333 0.063333 0.060000
