0 0.660000 0.863333 0.213333 0.120000
0 0.476667 0.813333 0.106667 0.046667
0 0.598333 0.783333 0.130000 0.060000
0 0.696667 0.730000 0.060000 0.053333
0 0.290000 0.733333 0.086667 0.066667
0 0.776667 0.580000 0.080000 0.186667
0 0.798333 0.465000 0.050000 0.036667
0 0.200000 0.448333 0.046667 0.103333
0 0.501667 0.496667 0.463333 0.473333
0 0.733333 0.326667 0.126667 0.153333
0 0.441667 0.506667 0.436667 0.540000
0 0.581667 0.253333 0.056667 0.040000
0 0.393333 0.216667 0.126667 0.073333
0 0.528333 0.185000 0.096667 0.050000
0 0.391667 0.108333 0.136667 0.056667
