0 0.336667 0.878333 0.106667 0.063333
0 0.353333 0.763333 0.066667 0.046667
0 0.788333 0.651667 0.036667 0.083333
0 0.741667 0.576667 0.056667 0.120000
0 0.471667 0.601667 0.503333 0.356667
0 0.191667 0.495000 0.050000 0.183333
0 0.786667 0.416667 0.080000 0.166667
0 0.248333 0.315000 0.056667 0.063333
0 0.765000 0.301667 0.050000 0.050000
0 0.496667 0.485000 0.473333 0.476667
0 0.701667 0.275000 0.063333 0.063333
0 0.308333 0.240000 0.076667 0.086667
0 0.610000 0.213333 0.100000 0.066667
0 0.456667 0.188333 0.120000 0.043333
