0 0.715000 0.855000 0.063333 0.050000
0 0.768333 0.815000 0.050000 0.050000
0 0.420000 0.798333 0.100000 0.056667
0 0.788333 0.628333 0.050000 0.056667
0 0.208333 0.588333 0.050000 0.090000
0 0.216667 0.386667 0.053333 0.100000
0 0.495000 0.568333 0.530000 0.476667
0 0.508333 0.500000 0.470000 0.460000
0 0.153333 0.288333 0.066667 0.083333
0 0.391667 0.285000 0.150000 0.090000
0 0.731667 0.345000 0.170000 0.216667
0 0.295000 0.291667 0.103333 0.110000
0 0.556667 0.213333 0.186667 0.060000
0 0.410000 0.141667 0.340000 0.110000
