0 0.653333 0.775000 0.046667 0.043333
0 0.260000 0.696667 0.046667 0.086667
0 0.248333 0.766667 0.283333 0.286667
0 0.211667 0.605000 0.056667 0.036667
0 0.108333 0.588333 0.036667 0.063333
0 0.538333 0.600000 0.510000 0.360000
0 0.203333 0.476667 0.060000 0.180000
0 0.810000 0.445000 0.066667 0.190000
0 0.205000 0.355000 0.056667 0.056667
0 0.733333 0.301667 0.093333 0.096667
0 0.508333 0.490000 0.476667 0.480000
0 0.341667 0.241667 0.096667 0.076667
0 0.641667 0.220000 0.123333 0.080000
0 0.481667 0.191667 0.123333 0.043333
