0 0.671667 0.865000 0.196667 0.110000
0 0.496667 0.810000 0.166667 0.053333
0 0.623333 0.726667 0.113333 0.080000
0 0.733333 0.691667 0.086667 0.116667
0 0.873333 0.675000 0.060000 0.090000
0 0.280000 0.701667 0.146667 0.163333
0 0.795000 0.580000 0.050000 0.093333
0 0.190000 0.450000 0.053333 0.093333
0 0.778333 0.391667 0.056667 0.070000
0 0.236667 0.358333 0.046667 0.050000
0 0.491667 0.518333 0.470000 0.463333
0 0.510000 0.436667 0.520000 0.413333
0 0.535000 0.208333 0.103333 0.043333
0 0.546667 0.273333 0.760000 0.400000
