0 0.546667 0.845000 0.526667 0.170000
0 0.635000 0.770000 0.063333 0.086667
0 0.826667 0.736667 0.053333 0.060000
0 0.241667 0.666667 0.043333 0.040000
0 0.206667 0.601667 0.046667 0.050000
0 0.178333 0.511667 0.036667 0.056667
0 0.793333 0.570000 0.106667 0.220000
0 0.796667 0.343333 0.040000 0.046667
0 0.771667 0.291667 0.063333 0.063333
0 0.455000 0.486667 0.510000 0.533333
0 0.505000 0.460000 0.490000 0.493333
0 0.236667 0.293333 0.133333 0.186667
0 0.445000 0.201667 0.083333 0.043333
0 0.665000 0.191667 0.110000 0.083333
0 0.468333 0.168333 0.283333 0.090000
