0 0.410000 0.903333 0.080000 0.040000
0 0.623333 0.891667 0.140000 0.063333
0 0.620000 0.803333 0.080000 0.040000
0 0.386667 0.785000 0.160000 0.090000
0 0.275000 0.756667 0.056667 0.053333
0 0.406667 0.741667 0.133333 0.063333
0 0.201667 0.595000 0.056667 0.096667
0 0.806667 0.443333 0.040000 0.046667
0 0.196667 0.441667 0.053333 0.123333
0 0.488333 0.501667 0.476667 0.470000
0 0.363333 0.280000 0.060000 0.046667
0 0.598333 0.501667 0.370000 0.550000
0 0.326667 0.265000 0.206667 0.136667
0 0.533333 0.198333 0.180000 0.063333
0 0.346667 0.138333 0.246667 0.123333
