0 0.383333 0.785000 0.046667 0.036667
0 0.731667 0.703333 0.130000 0.140000
0 0.095000 0.555000 0.036667 0.096667
0 0.808333 0.525000 0.036667 0.076667
0 0.191667 0.428333 0.070000 0.070000
0 0.485000 0.606667 0.496667 0.453333
0 0.810000 0.430000 0.053333 0.113333
0 0.125000 0.383333 0.096667 0.240000
0 0.513333 0.491667 0.466667 0.483333
0 0.730000 0.288333 0.093333 0.096667
0 0.441667 0.250000 0.150000 0.066667
0 0.566667 0.201667 0.153333 0.063333
0 0.350000 0.223333 0.186667 0.166667
0 0.260000 0.183333 0.186667 0.153333
