0 0.660000 0.845000 0.060000 0.043333
0 0.568333 0.761667 0.203333 0.070000
0 0.566667 0.725000 0.066667 0.036667
0 0.341667 0.723333 0.056667 0.053333
0 0.748333 0.651667 0.156667 0.183333
0 0.811667 0.450000 0.063333 0.066667
0 0.806667 0.376667 0.046667 0.073333
0 0.780000 0.316667 0.046667 0.040000
0 0.278333 0.315000 0.056667 0.043333
0 0.536667 0.481667 0.466667 0.450000
0 0.393333 0.481667 0.280000 0.523333
0 0.720000 0.238333 0.073333 0.076667
0 0.456667 0.195000 0.133333 0.076667
0 0.351667 0.485000 0.550000 0.816667
