0 0.560000 0.866667 0.413333 0.126667
0 0.325000 0.823333 0.090000 0.060000
0 0.618333 0.785000 0.070000 0.050000
0 0.565000 0.733333 0.230000 0.080000
0 0.841667 0.678333 0.050000 0.090000
0 0.866667 0.603333 0.040000 0.060000
0 0.731667 0.600000 0.043333 0.073333
0 0.313333 0.595000 0.046667 0.070000
0 0.181667 0.666667 0.143333 0.226667
0 0.155000 0.481667 0.036667 0.050000
0 0.733333 0.481667 0.046667 0.143333
0 0.518333 0.505000 0.403333 0.463333
0 0.485000 0.386667 0.423333 0.326667
0 0.500000 0.313333 0.780000 0.480000
