0 0.505000 0.850000 0.090000 0.046667
0 0.635000 0.811667 0.116667 0.076667
0 0.715000 0.750000 0.063333 0.060000
0 0.418333 0.760000 0.143333 0.086667
0 0.270000 0.695000 0.086667 0.103333
0 0.796667 0.598333 0.046667 0.123333
0 0.220000 0.503333 0.040000 0.053333
0 0.801667 0.488333 0.043333 0.076667
0 0.760000 0.383333 0.093333 0.106667
0 0.523333 0.540000 0.446667 0.466667
0 0.695000 0.300000 0.083333 0.066667
0 0.460000 0.478333 0.413333 0.430000
0 0.623333 0.236667 0.053333 0.046667
0 0.528333 0.228333 0.070000 0.036667
0 0.453333 0.465000 0.740000 0.750000
