0 0.546667 0.830000 0.533333 0.153333
0 0.466667 0.748333 0.093333 0.043333
0 0.831667 0.726667 0.056667 0.066667
0 0.615000 0.723333 0.163333 0.093333
0 0.360000 0.698333 0.053333 0.050000
0 0.183333 0.695000 0.046667 0.056667
0 0.740000 0.603333 0.033333 0.046667
0 0.136667 0.593333 0.040000 0.060000
0 0.271667 0.570000 0.036667 0.073333
0 0.903333 0.531667 0.040000 0.056667
0 0.773333 0.540000 0.073333 0.093333
0 0.905000 0.420000 0.036667 0.066667
0 0.850000 0.318333 0.053333 0.063333
0 0.471667 0.405000 0.736667 0.663333
