0 0.643333 0.776667 0.126667 0.073333
0 0.848333 0.718333 0.050000 0.070000
0 0.790000 0.645000 0.046667 0.056667
0 0.721667 0.630000 0.083333 0.113333
0 0.763333 0.516667 0.033333 0.053333
0 0.188333 0.510000 0.050000 0.053333
0 0.901667 0.543333 0.043333 0.153333
0 0.463333 0.541667 0.433333 0.450000
0 0.516667 0.490000 0.446667 0.446667
0 0.385000 0.281667 0.083333 0.063333
0 0.853333 0.346667 0.126667 0.233333
0 0.536667 0.195000 0.140000 0.043333
0 0.665000 0.163333 0.270000 0.146667
0 0.421667 0.510000 0.690000 0.840000
