0 0.481667 0.828333 0.123333 0.036667
0 0.638333 0.788333 0.116667 0.076667
0 0.345000 0.796667 0.143333 0.106667
0 0.263333 0.716667 0.060000 0.060000
0 0.781667 0.688333 0.056667 0.056667
0 0.783333 0.623333 0.053333 0.066667
0 0.808333 0.526667 0.050000 0.106667
0 0.193333 0.530000 0.053333 0.213333
0 0.733333 0.405000 0.060000 0.096667
0 0.893333 0.400000 0.060000 0.160000
0 0.776667 0.338333 0.040000 0.083333
0 0.498333 0.526667 0.470000 0.480000
0 0.340000 0.260000 0.053333 0.040000
0 0.466667 0.421667 0.486667 0.376667
0 0.395000 0.230000 0.050000 0.046667
0 0.418333 0.223333 0.636667 0.300000
