0 0.673333 0.780000 0.046667 0.046667
0 0.445000 0.790000 0.223333 0.086667
0 0.731667 0.745000 0.063333 0.050000
0 0.636667 0.740000 0.153333 0.073333
0 0.406667 0.723333 0.133333 0.086667
0 0.233333 0.653333 0.086667 0.060000
0 0.825000 0.640000 0.083333 0.113333
0 0.863333 0.480000 0.040000 0.073333
0 0.243333 0.673333 0.333333 0.466667
0 0.836667 0.385000 0.046667 0.076667
0 0.546667 0.501667 0.500000 0.483333
0 0.501667 0.441667 0.510000 0.470000
0 0.685000 0.231667 0.243333 0.123333
0 0.471667 0.190000 0.076667 0.046667
