0 0.443333 0.910000 0.060000 0.033333
0 0.558333 0.788333 0.070000 0.043333
0 0.625000 0.765000 0.050000 0.036667
0 0.266667 0.705000 0.133333 0.130000
0 0.175000 0.540000 0.043333 0.073333
0 0.510000 0.635000 0.506667 0.370000
0 0.733333 0.416667 0.040000 0.060000
0 0.168333 0.438333 0.050000 0.116667
0 0.801667 0.411667 0.070000 0.070000
0 0.706667 0.593333 0.440000 0.673333
0 0.476667 0.490000 0.480000 0.466667
0 0.241667 0.301667 0.096667 0.090000
0 0.583333 0.261667 0.106667 0.063333
0 0.645000 0.241667 0.170000 0.103333
0 0.380000 0.213333 0.120000 0.066667
0 0.546667 0.171667 0.033333 0.063333
0 0.708333 0.171667 0.210000 0.143333
