0 0.681667 0.788333 0.096667 0.070000
0 0.423333 0.798333 0.213333 0.103333
0 0.615000 0.758333 0.190000 0.076667
0 0.420000 0.745000 0.133333 0.083333
0 0.806667 0.673333 0.086667 0.106667
0 0.228333 0.640000 0.083333 0.066667
0 0.853333 0.516667 0.046667 0.113333
0 0.828333 0.418333 0.043333 0.076667
0 0.205000 0.615000 0.256667 0.543333
0 0.803333 0.355000 0.040000 0.050000
0 0.538333 0.511667 0.490000 0.496667
0 0.340000 0.246667 0.046667 0.040000
0 0.698333 0.245000 0.156667 0.136667
0 0.580000 0.195000 0.073333 0.036667
0 0.496667 0.418333 0.500000 0.510000
0 0.526667 0.111667 0.060000 0.036667
