0 0.293333 0.731667 0.066667 0.050000
0 0.751667 0.670000 0.043333 0.093333
0 0.698333 0.628333 0.043333 0.050000
0 0.728333 0.575000 0.043333 0.063333
0 0.701667 0.721667 0.430000 0.416667
0 0.746667 0.505000 0.033333 0.056667
0 0.440000 0.570000 0.486667 0.393333
0 0.171667 0.455000 0.056667 0.203333
0 0.788333 0.405000 0.070000 0.250000
0 0.256667 0.255000 0.066667 0.063333
0 0.483333 0.461667 0.486667 0.503333
0 0.640000 0.200000 0.120000 0.073333
0 0.323333 0.186667 0.106667 0.086667
0 0.493333 0.148333 0.120000 0.043333
