0 0.706667 0.838333 0.206667 0.150000
0 0.310000 0.816667 0.320000 0.220000
0 0.483333 0.608333 0.493333 0.376667
0 0.118333 0.471667 0.043333 0.123333
0 0.901667 0.470000 0.050000 0.186667
0 0.733333 0.488333 0.060000 0.236667
0 0.308333 0.346667 0.043333 0.046667
0 0.500000 0.506667 0.440000 0.466667
0 0.360000 0.296667 0.060000 0.053333
0 0.598333 0.278333 0.130000 0.076667
0 0.793333 0.253333 0.066667 0.073333
0 0.686667 0.160000 0.146667 0.080000
0 0.280000 0.195000 0.213333 0.183333
0 0.571667 0.118333 0.056667 0.036667
