0 0.585000 0.856667 0.103333 0.046667
0 0.410000 0.840000 0.120000 0.073333
0 0.678333 0.808333 0.103333 0.076667
0 0.616667 0.795000 0.093333 0.056667
0 0.293333 0.758333 0.053333 0.056667
0 0.250000 0.708333 0.046667 0.050000
0 0.800000 0.666667 0.100000 0.200000
0 0.815000 0.440000 0.036667 0.053333
0 0.213333 0.466667 0.066667 0.193333
0 0.511667 0.546667 0.483333 0.500000
0 0.721667 0.293333 0.043333 0.040000
0 0.543333 0.486667 0.513333 0.486667
0 0.320000 0.255000 0.053333 0.083333
0 0.600000 0.103333 0.126667 0.053333
0 0.336667 0.180000 0.360000 0.213333
