0 0.361667 0.890000 0.076667 0.046667
0 0.415000 0.791667 0.070000 0.050000
0 0.616667 0.778333 0.100000 0.063333
0 0.321667 0.743333 0.110000 0.093333
0 0.215000 0.648333 0.070000 0.083333
0 0.798333 0.566667 0.043333 0.040000
0 0.731667 0.715000 0.390000 0.423333
0 0.206667 0.420000 0.066667 0.160000
0 0.758333 0.348333 0.070000 0.096667
0 0.486667 0.498333 0.473333 0.463333
0 0.548333 0.508333 0.443333 0.536667
0 0.640000 0.236667 0.046667 0.046667
0 0.850000 0.350000 0.153333 0.293333
0 0.390000 0.236667 0.220000 0.113333
0 0.655000 0.148333 0.250000 0.123333
0 0.425000 0.106667 0.070000 0.040000
