0 0.438333 0.905000 0.136667 0.043333
0 0.566667 0.805000 0.040000 0.056667
0 0.418333 0.798333 0.216667 0.076667
0 0.663333 0.770000 0.086667 0.040000
0 0.378333 0.733333 0.136667 0.073333
0 0.220000 0.655000 0.073333 0.103333
0 0.178333 0.495000 0.036667 0.123333
0 0.718333 0.661667 0.416667 0.523333
0 0.776667 0.381667 0.046667 0.050000
0 0.230000 0.330000 0.066667 0.093333
0 0.476667 0.500000 0.480000 0.473333
0 0.683333 0.255000 0.046667 0.043333
0 0.556667 0.496667 0.426667 0.553333
0 0.311667 0.260000 0.103333 0.086667
0 0.461667 0.195000 0.190000 0.056667
