0 0.540000 0.860000 0.513333 0.140000
0 0.535000 0.796667 0.050000 0.040000
0 0.198333 0.590000 0.050000 0.086667
0 0.523333 0.643333 0.526667 0.260000
0 0.256667 0.550000 0.040000 0.080000
0 0.813333 0.546667 0.080000 0.173333
0 0.098333 0.521667 0.043333 0.216667
0 0.791667 0.361667 0.050000 0.063333
0 0.238333 0.366667 0.116667 0.166667
0 0.755000 0.283333 0.076667 0.080000
0 0.513333 0.480000 0.473333 0.473333
0 0.281667 0.253333 0.050000 0.060000
0 0.368333 0.225000 0.050000 0.036667
0 0.606667 0.196667 0.113333 0.053333
0 0.456667 0.190000 0.106667 0.053333
