0 0.353333 0.880000 0.073333 0.046667
0 0.258333 0.828333 0.103333 0.083333
0 0.428333 0.790000 0.216667 0.093333
0 0.648333 0.751667 0.196667 0.130000
0 0.215000 0.618333 0.056667 0.103333
0 0.810000 0.548333 0.046667 0.096667
0 0.191667 0.480000 0.043333 0.100000
0 0.795000 0.446667 0.043333 0.053333
0 0.773333 0.381667 0.046667 0.070000
0 0.503333 0.513333 0.466667 0.466667
0 0.290000 0.291667 0.100000 0.090000
0 0.491667 0.403333 0.530000 0.346667
0 0.558333 0.211667 0.103333 0.050000
0 0.573333 0.235000 0.660000 0.323333
