0 0.623333 0.800000 0.086667 0.073333
0 0.395000 0.793333 0.163333 0.073333
0 0.310000 0.758333 0.033333 0.050000
0 0.701667 0.733333 0.050000 0.053333
0 0.745000 0.680000 0.056667 0.066667
0 0.223333 0.641667 0.073333 0.136667
0 0.196667 0.516667 0.040000 0.053333
0 0.785000 0.413333 0.056667 0.100000
0 0.493333 0.518333 0.460000 0.470000
0 0.273333 0.300000 0.066667 0.053333
0 0.560000 0.435000 0.493333 0.390000
0 0.358333 0.235000 0.096667 0.056667
0 0.558333 0.211667 0.083333 0.050000
0 0.468333 0.190000 0.050000 0.033333
0 0.570000 0.378333 0.713333 0.610000
